service_id,monday,tuesday,wednesday,thursday,friday,saturday,sunday,start_date,end_date
9494,0,0,0,0,0,1,1,20210605,20210606
9495,0,1,1,0,0,0,0,20210601,20210609
9496,1,1,1,1,0,0,0,20210607,20210610
9497,0,1,1,1,1,0,0,20210601,20210611
9498,1,1,1,1,1,0,0,20210607,20210611
9500,0,0,0,0,0,1,0,20210605,20210612
9501,0,1,1,1,1,1,0,20210608,20210612
9502,0,1,1,1,1,1,0,20210601,20210612
9510,1,1,1,0,0,0,0,20210614,20210616
9514,0,0,0,0,0,1,0,20210612,20210619
9516,0,0,0,0,0,0,1,20210613,20210620
9518,0,0,0,0,0,1,1,20210612,20210620
9520,1,1,1,1,1,0,0,20210607,20210613
9521,1,0,0,0,0,0,0,20210614,20210621
9522,1,1,1,1,1,0,0,20210614,20210621
9526,1,0,0,0,0,0,0,20210614,20210622
9529,1,1,1,1,0,0,0,20210614,20210624
9533,0,1,1,1,1,0,0,20210615,20210625
9534,1,1,1,1,1,0,0,20210614,20210625
9535,1,1,1,1,1,0,0,20210621,20210625
9537,1,1,1,1,1,0,0,20210614,20210625
9541,0,0,0,0,0,1,0,20210619,20210626
9544,0,0,0,0,0,1,1,20210619,20210626
9545,0,0,0,0,1,1,0,20210625,20210626
9548,0,0,0,0,0,1,1,20210501,20210502
9550,0,1,1,0,0,0,0,20210504,20210505
9551,0,1,1,1,1,0,0,20210504,20210507
9555,0,0,0,0,0,1,1,20210508,20210509
9556,0,0,0,0,0,1,1,20210501,20210509
9565,0,1,1,1,0,0,0,20210511,20210513
9566,1,1,1,1,0,0,0,20210510,20210513
9568,1,1,1,0,1,0,0,20210510,20210514
9569,1,1,1,1,1,0,0,20210503,20210514
9570,1,1,1,1,1,0,0,20210503,20210516
9571,1,1,1,1,1,0,0,20210503,20210516
9577,0,1,1,1,1,1,0,20210504,20210515
9582,0,0,0,0,0,0,1,20210531,20210620
9583,0,0,0,0,0,1,1,20210515,20210516
9585,0,0,0,0,0,1,1,20210508,20210516
9586,0,1,1,0,0,0,0,20210518,20210519
9596,0,0,0,0,0,1,1,20210522,20210523
9597,0,0,0,0,0,1,1,20210531,20210606
9601,0,0,0,0,0,1,1,20210522,20210523
9602,0,0,0,0,0,1,1,20210522,20210606
9603,0,0,0,0,0,1,1,20210513,20210523
9604,0,0,0,0,0,1,1,20210513,20210523
9608,0,1,1,0,1,0,0,20210525,20210528
9609,0,1,0,1,1,0,0,20210525,20210625
9610,0,0,1,1,1,0,0,20210526,20210528
9612,1,1,1,1,1,0,0,20210503,20210528
9613,1,1,1,1,1,0,0,20210503,20210528
9614,1,1,1,1,1,0,0,20210503,20210528
9620,0,0,0,0,0,1,0,20210522,20210605
9624,0,0,0,0,0,1,0,20210508,20210612
9625,0,0,0,0,0,1,0,20210501,20210606
9627,1,0,0,0,0,1,0,20210522,20210605
9628,0,0,0,0,0,1,0,20210515,20210626
9629,0,0,0,0,0,1,0,20210501,20210626
9630,0,0,1,1,0,1,0,20210526,20210529
9631,0,1,1,1,1,1,0,20210504,20210529
9636,0,0,0,0,0,0,1,20210523,20210530
9637,0,0,0,0,0,0,1,20210523,20210606
9638,0,0,0,0,0,0,1,20210502,20210620
9641,1,0,0,0,0,0,1,20210523,20210606
9646,0,0,0,0,0,1,1,20210529,20210530
9647,0,0,0,0,0,0,1,20210529,20210606
9648,0,0,0,0,0,1,1,20210529,20210606
9651,0,0,0,0,0,1,1,20210501,20210509
9652,0,0,0,0,0,1,1,20210508,20210613
9653,0,0,0,0,0,1,1,20210501,20210620
9655,1,0,0,0,0,1,1,20210524,20210606
9656,1,0,0,0,0,1,1,20210522,20210606
9657,1,0,0,0,0,1,1,20210522,20210530
9658,1,0,0,0,0,1,1,20210522,20210606
9659,0,0,0,0,0,1,1,20210508,20210613
9660,0,0,0,0,0,1,1,20210501,20210626
9661,0,0,0,0,0,1,1,20210508,20210613
9663,1,1,1,1,1,0,0,20210531,20210611
9664,1,1,1,1,1,0,0,20210614,20210625
9665,1,1,1,1,1,0,0,20210531,20210625
9666,1,1,1,1,1,0,0,20210531,20210625
9669,1,1,1,1,1,0,0,20210531,20210613
9670,1,0,0,0,0,0,0,20210525,20210607
9671,1,0,1,0,0,0,0,20210526,20210623
9675,1,1,1,1,1,0,0,20210525,20210610
9676,1,1,1,1,1,0,0,20210525,20210611
9677,1,1,1,1,1,0,0,20210525,20210625
9678,1,1,1,1,1,0,0,20210517,20210604
9679,1,1,1,1,1,0,0,20210503,20210618
9680,1,1,1,1,1,0,0,20210503,20210625
9681,1,1,1,1,1,0,0,20210524,20210625
9684,1,0,0,0,0,0,1,20210530,20210607
9685,1,0,0,0,0,0,1,20210502,20210516
9686,1,1,0,0,0,0,1,20210523,20210607
9698,0,0,0,0,0,1,1,20210403,20210404
9705,0,0,0,0,0,1,1,20210426,20210626
9707,0,0,0,0,0,1,1,20210403,20210404
9710,1,1,0,0,0,0,0,20210405,20210406
9712,0,1,1,0,0,0,0,20210406,20210407
9716,0,1,1,1,0,0,0,20210406,20210408
9719,0,0,0,0,1,0,0,20210402,20210409
9720,0,0,1,1,1,0,0,20210407,20210409
9721,0,1,1,1,1,0,0,20210406,20210409
9723,1,1,1,1,1,0,0,20210405,20210409
9728,0,0,0,0,0,1,0,20210403,20210410
9729,0,0,0,0,0,1,1,20210403,20210410
9730,0,0,1,1,1,1,0,20210407,20210410
9731,0,1,1,1,1,1,0,20210406,20210410
9737,0,0,0,0,0,0,1,20210426,20210620
9739,1,0,0,0,0,0,1,20210405,20210411
9741,0,0,0,0,0,1,1,20210410,20210411
9744,0,0,0,0,0,1,1,20210403,20210411
9746,0,0,0,0,0,1,1,20210403,20210411
9753,0,1,0,1,1,0,0,20210406,20210413
9756,0,1,1,0,0,0,0,20210413,20210414
9760,1,1,1,1,0,0,0,20210412,20210415
9761,1,1,1,1,0,0,0,20210405,20210415
9765,0,0,0,0,1,0,0,20210409,20210416
9768,0,1,1,1,1,0,0,20210413,20210416
9769,0,1,1,1,1,0,0,20210406,20210416
9770,1,1,1,1,1,0,0,20210412,20210416
9777,1,1,1,1,1,0,0,20210406,20210416
9779,1,1,1,1,1,0,0,20210405,20210416
9783,0,0,0,0,0,1,0,20210510,20210626
9789,0,0,0,0,0,1,0,20210410,20210417
9793,0,0,0,0,0,1,1,20210410,20210417
9794,0,1,1,1,1,1,0,20210413,20210417
9796,0,1,1,1,1,1,0,20210503,20210516
9797,0,1,1,1,1,1,0,20210406,20210417
9799,0,0,0,0,0,1,1,20210426,20210502
9800,0,0,0,0,0,1,1,20210510,20210620
9801,0,0,0,0,0,0,1,20210412,20210418
9803,0,0,0,0,0,0,1,20210412,20210418
9804,0,0,0,0,0,0,1,20210405,20210418
9805,0,0,0,0,0,0,1,20210404,20210418
9806,0,0,0,0,0,0,1,20210412,20210418
9809,0,0,0,0,0,0,1,20210404,20210418
9810,0,0,0,0,0,1,1,20210417,20210418
9813,0,0,0,0,0,1,1,20210412,20210418
9814,0,0,0,0,0,1,1,20210412,20210418
9815,0,0,0,0,0,1,1,20210405,20210418
9816,0,0,0,0,0,1,1,20210404,20210418
9817,0,0,0,0,0,1,1,20210403,20210418
9818,0,0,0,0,0,1,1,20210410,20210418
9823,1,1,0,0,0,0,0,20210405,20210411
9825,0,0,0,0,0,0,1,20210404,20210418
9826,0,0,0,0,0,0,1,20210404,20210418
9828,0,1,1,0,0,0,0,20210413,20210421
9829,1,1,1,1,0,0,0,20210419,20210422
9831,1,1,1,1,0,0,0,20210531,20210624
9833,0,0,0,0,1,0,0,20210402,20210411
9834,0,0,0,0,1,0,0,20210402,20210423
9835,0,1,0,1,1,0,0,20210415,20210423
9836,1,1,0,1,1,0,0,20210419,20210423
9838,1,1,1,1,1,0,0,20210419,20210423
9840,1,1,1,1,1,0,0,20210531,20210625
9841,1,1,1,1,1,0,0,20210503,20210625
9842,1,1,1,1,1,0,0,20210517,20210613
9843,1,1,1,1,1,0,0,20210412,20210423
9846,1,1,1,1,1,0,0,20210531,20210625
9847,1,1,1,1,1,0,0,20210524,20210625
9851,1,1,1,1,1,0,0,20210503,20210523
9856,0,0,0,0,0,1,0,20210424,20210606
9857,0,0,0,0,0,1,0,20210424,20210626
9858,0,0,0,0,0,1,0,20210510,20210626
9861,0,0,0,0,0,1,0,20210517,20210626
9866,0,0,0,0,0,1,0,20210412,20210424
9867,0,0,0,0,0,1,0,20210410,20210424
9868,0,0,0,0,0,1,0,20210510,20210626
9869,0,0,0,0,0,1,0,20210403,20210424
9871,0,0,0,0,0,1,0,20210403,20210516
9874,0,0,0,0,0,1,0,20210510,20210626
9875,0,0,0,0,0,1,0,20210403,20210530
9876,0,0,0,0,0,1,0,20210403,20210613
9877,0,0,0,0,0,1,0,20210403,20210626
9878,0,0,0,0,0,1,0,20210510,20210619
9879,0,1,1,1,1,1,0,20210420,20210424
9881,0,1,1,1,1,1,0,20210517,20210613
9883,0,1,1,1,1,1,0,20210524,20210625
9884,1,1,1,1,1,1,0,20210419,20210424
9890,0,0,0,0,0,0,1,20210425,20210606
9891,0,0,0,0,0,0,1,20210419,20210425
9892,0,0,0,0,0,0,1,20210517,20210620
9896,0,0,0,0,0,0,1,20210418,20210620
9901,0,0,0,0,0,0,1,20210405,20210425
9902,0,0,0,0,0,0,1,20210404,20210425
9906,0,0,0,0,0,0,1,20210404,20210425
9910,0,0,0,0,0,0,1,20210531,20210620
9911,0,0,0,0,0,0,1,20210417,20210425
9913,0,0,0,0,0,0,1,20210419,20210502
9914,0,0,0,0,0,1,1,20210424,20210425
9915,0,0,0,0,0,1,1,20210503,20210509
9916,0,0,0,0,0,1,1,20210424,20210626
9917,0,0,0,0,0,1,1,20210503,20210626
9918,0,0,0,0,0,1,1,20210424,20210626
9920,0,0,0,0,0,1,1,20210419,20210425
9922,0,0,0,0,0,1,1,20210517,20210626
9923,0,0,0,0,0,1,1,20210418,20210626
9924,0,0,0,0,0,1,1,20210417,20210425
9927,0,0,0,0,0,1,1,20210417,20210626
9928,0,0,0,0,0,1,1,20210412,20210425
9929,0,0,0,0,0,1,1,20210403,20210425
9930,0,0,0,0,0,1,1,20210403,20210425
9932,0,0,0,0,0,1,1,20210403,20210425
9934,0,0,0,0,0,1,1,20210403,20210516
9935,0,0,0,0,0,1,1,20210403,20210620
9936,0,0,0,0,0,1,1,20210403,20210613
9937,0,0,0,0,0,1,1,20210403,20210626
9938,0,0,0,0,0,1,1,20210403,20210626
9939,0,0,0,0,0,1,1,20210403,20210620
9941,0,0,0,0,0,1,1,20210403,20210425
9942,0,0,0,0,0,1,1,20210403,20210502
9943,0,0,0,0,0,1,1,20210403,20210502
9944,0,0,0,0,0,1,1,20210403,20210516
9945,0,0,0,0,0,1,1,20210403,20210516
9946,0,0,0,0,0,1,1,20210403,20210516
9947,0,0,0,0,0,1,1,20210403,20210502
9948,0,0,0,0,0,1,1,20210403,20210523
9951,0,0,0,0,0,1,1,20210403,20210502
9953,0,0,0,0,0,1,1,20210403,20210613
9954,0,0,0,0,0,1,1,20210403,20210613
9955,0,0,0,0,0,1,1,20210403,20210626
9956,0,0,0,0,0,1,1,20210403,20210626
9958,0,0,0,0,0,1,1,20210403,20210620
9959,0,0,0,0,0,1,1,20210412,20210523
9960,0,0,0,0,0,1,1,20210403,20210613
9961,0,0,0,0,0,1,1,20210403,20210626
9962,0,0,0,0,0,1,1,20210412,20210523
9963,0,0,0,0,0,1,1,20210403,20210523
9965,1,0,0,0,0,0,0,20210426,20210622
9966,1,0,0,0,0,0,0,20210419,20210530
9967,1,0,0,0,0,0,0,20210419,20210523
9968,1,0,0,0,0,0,0,20210419,20210509
9970,1,0,0,0,0,0,0,20210419,20210509
9971,1,0,1,0,0,0,0,20210414,20210426
9972,0,0,0,0,0,0,1,20210425,20210509
9973,1,0,0,0,0,0,1,20210404,20210426
9974,1,0,0,0,0,0,1,20210404,20210426
9975,1,0,0,0,0,0,1,20210404,20210425
9976,1,0,0,0,0,0,1,20210404,20210621
9977,1,0,0,0,0,0,1,20210404,20210621
9978,1,0,1,0,0,0,0,20210428,20210519
9979,0,1,1,0,0,0,0,20210427,20210428
9981,1,1,1,1,0,0,0,20210419,20210527
9983,1,1,1,1,0,0,0,20210419,20210624
9992,0,0,0,0,1,0,0,20210423,20210625
9993,0,0,0,0,1,0,0,20210423,20210625
9994,0,0,0,0,1,0,0,20210416,20210625
9997,0,0,0,0,1,0,0,20210402,20210625
9998,1,1,1,1,1,0,0,20210402,20210625
9999,0,1,0,1,1,0,0,20210427,20210521
10000,1,1,1,1,1,0,0,20210427,20210521
10001,0,1,1,1,1,1,0,20210427,20210626
10002,0,1,1,1,1,1,0,20210517,20210612
10003,0,1,1,1,1,1,0,20210427,20210606
10004,0,1,1,1,1,1,0,20210427,20210529
10005,1,1,1,1,1,0,0,20210427,20210625
10006,0,1,1,1,1,1,0,20210426,20210522
10007,0,1,1,1,1,1,0,20210420,20210501
10009,0,1,1,1,1,1,0,20210420,20210502
10010,0,1,1,1,1,0,0,20210420,20210521
10011,0,1,1,1,1,0,0,20210420,20210509
10013,0,1,1,1,1,1,0,20210420,20210625
10014,0,1,1,1,1,1,0,20210420,20210529
10015,0,1,1,1,1,1,0,20210420,20210625
10016,0,1,1,1,1,1,0,20210407,20210625
10017,0,1,1,1,1,1,0,20210407,20210530
10019,1,1,1,1,1,0,0,20210426,20210528
10022,1,1,1,1,1,0,0,20210517,20210611
10023,1,1,1,1,1,0,0,20210426,20210625
10026,1,1,1,1,1,0,0,20210426,20210521
10029,1,1,1,1,1,0,0,20210426,20210625
10032,1,1,1,1,0,0,0,20210419,20210430
10033,1,1,1,1,1,0,0,20210419,20210502
10034,1,1,1,1,1,0,0,20210419,20210430
10035,1,1,1,1,1,0,0,20210419,20210514
10036,1,1,1,1,1,0,0,20210419,20210521
10038,1,1,1,1,1,0,0,20210510,20210530
10039,1,1,1,1,1,0,0,20210419,20210528
10040,1,1,1,1,1,0,0,20210419,20210530
10041,1,1,1,1,1,0,0,20210419,20210528
10042,1,1,1,1,1,0,0,20210419,20210516
10043,1,1,1,1,1,0,0,20210419,20210613
10044,1,1,1,1,1,0,0,20210517,20210611
10045,1,1,1,1,1,0,0,20210419,20210625
10046,1,1,1,1,1,0,0,20210419,20210611
10047,1,1,1,1,1,0,0,20210419,20210606
10048,1,1,1,1,1,0,0,20210419,20210625
10049,1,1,1,1,1,0,0,20210419,20210606
10050,1,1,1,1,1,0,0,20210419,20210625
10051,1,1,1,1,1,0,0,20210419,20210625
10052,1,1,1,1,1,0,0,20210419,20210625
10053,1,1,1,1,1,0,0,20210419,20210626
10055,1,1,1,1,1,0,0,20210416,20210516
10058,1,1,1,1,1,0,0,20210419,20210509
10059,1,1,1,1,1,0,0,20210419,20210516
10061,1,1,1,1,1,0,0,20210414,20210521
10063,1,1,1,1,1,0,0,20210412,20210430
10066,1,1,1,1,1,0,0,20210412,20210516
10069,1,1,1,1,1,0,0,20210412,20210625
10070,1,1,1,1,1,0,0,20210412,20210625
10074,1,1,1,1,1,0,0,20210406,20210502
10076,1,1,1,1,1,0,0,20210406,20210625
10077,1,1,1,1,1,0,0,20210406,20210625
10081,1,0,0,0,0,0,1,20210404,20210516
10083,0,0,0,0,0,1,1,20210403,20210418
10084,1,1,1,1,1,1,1,20210403,20210626
10096,0,0,0,1,1,0,0,20210318,20210319
10105,1,1,1,1,1,0,0,20210412,20210425
10128,0,0,0,0,0,1,0,20210419,20210508
10130,0,0,0,0,0,1,0,20210419,20210523
10131,0,0,0,0,0,1,0,20210419,20210626
10132,0,0,0,0,0,1,0,20210419,20210626
10133,0,0,0,0,0,1,0,20210517,20210626
10136,0,0,0,0,0,1,0,20210412,20210425
10137,0,0,0,0,0,1,0,20210412,20210425
10138,0,0,0,0,0,1,0,20210510,20210626
10140,0,0,0,0,0,1,0,20210510,20210626
10141,0,0,0,0,0,1,0,20210412,20210508
10142,0,0,0,0,1,1,0,20210319,20210320
10143,1,1,1,1,1,0,0,20210426,20210509
10144,0,0,0,1,1,1,0,20210318,20210320
10146,0,1,1,1,1,1,0,20210412,20210425
10153,0,0,0,0,0,0,1,20210426,20210620
10158,0,0,0,0,0,0,1,20210419,20210509
10159,0,0,0,0,0,0,1,20210419,20210509
10160,0,0,0,0,0,0,1,20210517,20210620
10161,0,0,0,0,0,0,1,20210419,20210606
10162,0,0,0,0,0,0,1,20210419,20210620
10163,0,0,0,0,0,0,1,20210419,20210606
10164,0,0,0,0,0,0,1,20210412,20210509
10165,0,0,0,0,0,0,1,20210412,20210620
10166,0,0,0,0,0,0,1,20210412,20210425
10167,0,0,0,0,0,0,1,20210412,20210425
10168,0,0,0,0,0,0,1,20210510,20210620
10169,0,0,0,0,0,0,1,20210412,20210509
10170,0,0,0,0,0,1,1,20210510,20210626
10171,0,0,0,0,0,1,1,20210412,20210425
10172,0,0,0,0,0,1,1,20210320,20210321
10189,0,0,0,0,0,1,1,20210329,20210404
10192,0,0,0,0,0,0,1,20210419,20210620
10194,0,0,0,0,0,1,1,20210419,20210509
10195,0,0,0,0,0,1,1,20210419,20210626
10196,0,0,0,0,0,1,1,20210419,20210523
10197,0,0,0,0,0,1,1,20210419,20210523
10198,0,0,0,0,0,1,1,20210419,20210626
10200,0,0,0,0,0,1,1,20210517,20210626
10201,0,0,0,0,0,1,1,20210419,20210626
10203,0,0,0,0,0,1,1,20210412,20210425
10206,0,0,0,0,0,1,1,20210412,20210425
10207,0,0,0,0,0,1,1,20210412,20210425
10208,0,0,0,0,0,1,1,20210412,20210425
10209,0,0,0,0,0,1,1,20210412,20210425
10210,0,0,0,0,0,1,1,20210412,20210425
10211,0,0,0,0,0,1,1,20210412,20210425
10212,0,0,0,0,0,1,1,20210412,20210425
10213,0,0,0,0,0,1,1,20210412,20210425
10214,0,0,0,0,0,1,1,20210412,20210425
10215,0,0,0,0,0,1,1,20210412,20210425
10216,0,0,0,0,0,1,1,20210412,20210425
10217,0,0,0,0,0,1,1,20210412,20210425
10218,0,0,0,0,0,1,1,20210329,20210626
10219,0,0,0,0,0,1,1,20210329,20210626
10220,0,0,0,0,0,1,1,20210405,20210516
10221,0,0,0,0,0,1,1,20210405,20210613
10222,0,0,0,0,0,1,1,20210405,20210613
10223,0,0,0,0,0,1,1,20210405,20210626
10224,0,0,0,0,0,1,1,20210405,20210502
10225,0,0,0,0,0,1,1,20210329,20210502
10226,0,0,0,0,0,1,1,20210329,20210502
10227,0,0,0,0,0,0,1,20210517,20210530
10228,0,0,0,1,1,1,1,20210318,20210321
10232,0,1,1,1,1,0,0,20210405,20210416
10233,1,0,0,0,0,0,0,20210510,20210523
10234,1,0,0,0,0,0,1,20210322,20210621
10238,0,0,0,0,0,0,1,20210426,20210502
10239,0,0,0,0,0,0,1,20210321,20210620
10240,1,0,0,0,0,0,1,20210321,20210621
10245,1,1,1,0,0,0,0,20210322,20210324
10247,0,0,0,1,1,1,1,20210318,20210321
10249,0,0,0,1,1,0,0,20210318,20210325
10250,1,0,1,1,0,0,0,20210322,20210325
10251,0,1,1,1,0,0,0,20210323,20210325
10252,1,1,1,1,0,0,0,20210322,20210325
10256,1,1,1,1,0,0,0,20210318,20210325
10258,0,0,0,0,1,0,0,20210326,20210416
10262,0,0,0,0,1,0,0,20210319,20210326
10263,0,0,0,0,1,0,0,20210319,20210402
10264,0,0,0,0,1,0,0,20210319,20210409
10266,0,0,0,0,1,0,0,20210319,20210416
10272,0,0,0,0,1,0,0,20210319,20210625
10274,0,0,0,0,1,0,0,20210319,20210625
10275,1,1,1,1,1,0,0,20210419,20210625
10277,1,1,1,1,1,1,1,20210319,20210626
10279,1,1,1,0,1,0,0,20210322,20210326
10280,0,0,0,1,1,0,0,20210325,20210326
10281,0,1,1,1,1,0,0,20210405,20210416
10282,0,1,1,1,1,0,0,20210323,20210326
10285,0,1,1,1,1,0,0,20210319,20210326
10286,0,1,1,1,1,0,0,20210318,20210326
10287,1,1,1,1,1,0,0,20210322,20210326
10288,1,1,1,1,1,0,0,20210503,20210625
10293,1,1,1,1,1,1,1,20210503,20210626
10294,1,1,1,1,1,0,0,20210405,20210502
10295,1,1,1,1,1,0,0,20210419,20210509
10296,1,1,1,1,1,0,0,20210319,20210326
10297,1,1,1,1,1,0,0,20210318,20210326
10302,0,0,0,0,1,0,0,20210318,20210425
10304,1,1,1,1,1,0,0,20210412,20210425
10305,1,1,1,1,1,0,0,20210405,20210425
10306,1,1,1,1,1,0,0,20210405,20210425
10307,1,1,1,1,1,0,0,20210318,20210625
10309,1,1,1,1,1,0,0,20210426,20210625
10310,1,1,1,1,1,0,0,20210412,20210514
10311,1,1,1,1,1,0,0,20210412,20210625
10316,1,1,1,1,1,0,0,20210318,20210326
10325,0,0,0,0,0,1,0,20210426,20210626
10326,0,0,0,0,0,1,0,20210327,20210403
10329,0,0,0,0,0,0,1,20210329,20210404
10330,0,0,0,0,0,1,1,20210327,20210404
10334,0,0,0,0,0,1,0,20210510,20210613
10335,0,0,0,0,0,1,0,20210510,20210613
10336,0,0,0,0,0,1,0,20210426,20210626
10337,0,0,0,0,0,1,0,20210405,20210411
10338,0,0,0,0,0,0,1,20210405,20210411
10339,0,0,0,0,0,0,1,20210329,20210411
10340,0,0,0,0,0,1,1,20210405,20210411
10342,0,0,0,0,0,1,1,20210327,20210411
10348,0,0,0,0,0,1,0,20210327,20210404
10350,0,0,0,0,0,1,1,20210327,20210404
10360,0,0,0,0,0,1,0,20210327,20210425
10361,0,0,0,0,0,1,0,20210510,20210619
10362,0,0,0,0,0,1,0,20210510,20210626
10363,0,0,0,0,0,1,0,20210327,20210530
10364,0,0,0,0,0,1,0,20210510,20210613
10365,0,0,0,0,0,1,0,20210327,20210626
10366,0,0,0,0,0,1,0,20210327,20210605
10370,0,0,0,0,0,1,0,20210320,20210327
10375,0,0,0,0,0,1,0,20210426,20210626
10376,0,0,0,0,0,1,0,20210510,20210626
10377,0,0,0,0,0,1,0,20210320,20210403
10378,0,0,0,0,0,1,0,20210503,20210516
10379,0,0,0,0,0,1,0,20210320,20210410
10381,0,0,0,0,0,1,0,20210320,20210411
10382,0,0,0,0,0,1,0,20210510,20210626
10395,0,0,0,0,0,1,0,20210510,20210626
10398,0,0,0,0,0,1,0,20210510,20210626
10402,0,0,0,0,0,1,0,20210510,20210626
10403,0,0,0,0,0,1,0,20210405,20210626
10404,0,0,0,0,0,1,0,20210320,20210502
10406,0,0,0,0,0,1,0,20210320,20210425
10410,0,0,0,0,0,1,0,20210320,20210425
10411,0,0,0,0,0,1,0,20210320,20210522
10415,0,0,0,0,0,1,0,20210510,20210619
10418,0,0,0,0,0,1,0,20210320,20210529
10419,0,0,0,0,0,1,0,20210320,20210605
10420,0,0,0,0,0,1,0,20210320,20210619
10421,0,0,0,0,0,1,0,20210320,20210530
10422,0,0,0,0,0,1,0,20210320,20210626
10423,0,0,0,0,0,1,0,20210320,20210509
10424,0,0,0,0,0,1,0,20210510,20210626
10425,0,0,0,0,0,1,0,20210320,20210626
10426,0,0,0,0,0,1,0,20210510,20210626
10427,0,0,0,0,0,1,0,20210320,20210425
10428,0,0,0,0,0,1,0,20210320,20210425
10429,0,0,0,0,0,1,0,20210320,20210619
10432,1,1,1,1,1,0,0,20210426,20210613
10434,0,0,0,0,0,1,0,20210510,20210619
10435,0,0,0,0,0,1,1,20210426,20210626
10436,0,0,0,0,0,1,1,20210426,20210626
10437,0,0,0,0,0,1,1,20210426,20210626
10438,0,0,0,0,0,1,1,20210510,20210626
10439,0,0,0,0,0,1,1,20210419,20210509
10440,0,0,0,0,0,1,1,20210510,20210626
10441,0,0,0,0,0,1,1,20210412,20210502
10442,0,0,0,0,0,1,1,20210510,20210626
10443,0,0,0,0,0,1,1,20210412,20210425
10444,0,0,0,0,0,1,1,20210320,20210626
10445,0,0,0,0,0,1,1,20210320,20210620
10446,0,0,0,0,0,1,1,20210320,20210626
10447,1,0,0,0,0,1,0,20210320,20210410
10448,1,1,1,1,1,1,1,20210318,20210626
10449,0,0,0,0,0,1,0,20210510,20210626
10450,0,0,0,0,1,1,0,20210326,20210327
10451,0,0,0,1,1,1,0,20210325,20210327
10452,0,0,0,1,1,1,0,20210320,20210327
10453,1,1,1,1,1,1,1,20210412,20210626
10454,0,1,1,1,1,1,0,20210323,20210327
10455,0,1,1,1,1,1,0,20210405,20210502
10456,0,1,1,1,1,1,0,20210318,20210327
10458,0,0,0,0,0,1,0,20210318,20210425
10459,1,1,1,1,1,1,0,20210318,20210626
10460,1,1,1,1,1,1,1,20210318,20210626
10467,0,0,0,0,0,0,1,20210426,20210620
10470,0,0,0,0,0,1,1,20210510,20210620
10471,0,0,0,0,0,1,1,20210510,20210626
10472,0,0,0,0,0,1,1,20210510,20210620
10475,0,0,0,0,0,0,1,20210328,20210404
10476,0,0,0,0,0,0,1,20210405,20210411
10478,0,0,0,0,0,0,1,20210405,20210411
10479,0,0,0,0,0,1,1,20210517,20210606
10480,0,0,0,0,0,1,1,20210510,20210620
10481,1,0,0,0,0,0,1,20210405,20210411
10482,0,0,0,0,0,1,1,20210405,20210411
10484,0,0,0,0,0,0,1,20210405,20210411
10488,0,0,0,0,0,0,1,20210328,20210404
10490,0,0,0,0,0,0,1,20210510,20210620
10491,0,0,0,0,0,0,1,20210503,20210620
10492,0,0,0,0,0,0,1,20210503,20210620
10494,0,0,0,0,0,0,1,20210412,20210516
10497,0,0,0,0,0,0,1,20210503,20210620
10498,0,0,0,0,0,0,1,20210503,20210626
10499,0,0,0,0,0,0,1,20210405,20210516
10500,0,0,0,0,0,0,1,20210328,20210620
10501,0,0,0,0,0,0,1,20210328,20210620
10502,0,0,0,0,0,0,1,20210328,20210620
10503,0,0,0,0,0,0,1,20210328,20210620
10504,0,0,0,0,0,1,1,20210503,20210626
10505,0,0,0,0,0,1,1,20210419,20210626
10506,0,0,0,0,0,1,1,20210503,20210626
10507,0,0,0,0,0,1,1,20210419,20210626
10508,0,0,0,0,0,1,1,20210503,20210626
10509,0,0,0,0,0,1,1,20210503,20210626
10510,0,0,0,0,0,1,1,20210419,20210626
10511,0,0,0,0,0,1,1,20210503,20210626
10512,0,0,0,0,0,1,1,20210405,20210626
10513,0,0,0,0,0,1,1,20210328,20210626
10514,0,0,0,0,0,1,1,20210328,20210626
10516,0,0,0,0,0,1,1,20210510,20210626
10517,0,0,0,0,0,1,1,20210510,20210626
10518,0,0,0,0,0,1,0,20210405,20210509
10519,0,0,0,0,0,0,1,20210322,20210620
10520,0,0,0,0,0,0,1,20210321,20210328
10525,0,0,0,0,0,0,1,20210426,20210620
10526,0,0,0,0,0,0,1,20210510,20210620
10531,0,0,0,0,0,0,1,20210531,20210620
10533,0,0,0,0,0,0,1,20210426,20210620
10542,0,0,0,0,0,0,1,20210321,20210411
10548,0,0,0,0,0,0,1,20210510,20210620
10560,0,0,0,0,0,1,1,20210510,20210620
10566,0,0,0,0,0,0,1,20210405,20210509
10567,0,0,0,0,0,0,1,20210405,20210509
10569,0,0,0,0,0,0,1,20210412,20210502
10570,0,0,0,0,0,0,1,20210503,20210620
10571,0,0,0,0,0,0,1,20210321,20210509
10574,0,0,0,0,0,0,1,20210405,20210620
10575,0,0,0,0,0,0,1,20210405,20210620
10577,0,0,0,0,0,0,1,20210503,20210620
10578,0,0,0,0,0,0,1,20210321,20210509
10579,0,0,0,0,0,0,1,20210405,20210425
10581,0,0,0,0,0,0,1,20210405,20210620
10582,0,0,0,0,0,0,1,20210510,20210620
10583,0,0,0,0,0,0,1,20210405,20210620
10585,0,0,0,0,0,0,1,20210405,20210516
10586,0,0,0,0,0,0,1,20210412,20210502
10587,0,0,0,0,0,0,1,20210321,20210502
10588,0,0,0,0,0,0,1,20210321,20210425
10590,0,0,0,0,0,0,1,20210321,20210620
10591,0,0,0,0,0,0,1,20210321,20210620
10592,0,0,0,0,0,0,1,20210321,20210606
10593,0,0,0,0,0,0,1,20210321,20210620
10594,0,0,0,0,0,0,1,20210321,20210606
10595,0,0,0,0,0,0,1,20210321,20210620
10596,0,0,0,0,0,0,1,20210321,20210620
10597,0,0,0,0,0,0,1,20210321,20210509
10598,0,0,0,0,0,0,1,20210321,20210509
10599,0,0,0,0,0,0,1,20210412,20210509
10600,0,0,0,0,0,0,1,20210412,20210509
10601,0,0,0,0,0,1,1,20210510,20210620
10602,0,0,0,0,0,1,1,20210510,20210620
10603,0,0,0,0,0,1,1,20210510,20210620
10604,0,0,0,0,0,1,1,20210510,20210620
10608,0,0,0,0,0,1,1,20210503,20210626
10609,0,0,0,0,0,1,1,20210321,20210425
10610,0,0,0,0,0,1,1,20210321,20210620
10611,1,0,0,0,0,0,1,20210517,20210621
10612,1,0,0,0,0,0,1,20210405,20210621
10616,0,0,0,0,0,0,1,20210320,20210620
10617,0,0,0,0,0,0,1,20210320,20210620
10618,0,0,0,0,0,0,1,20210320,20210404
10619,0,0,0,0,0,1,1,20210419,20210626
10620,0,0,0,0,0,1,1,20210419,20210626
10621,0,0,0,0,0,1,1,20210405,20210626
10622,0,0,0,0,0,1,1,20210405,20210626
10623,0,0,0,0,0,1,1,20210320,20210626
10624,0,0,0,0,0,1,1,20210320,20210626
10625,0,0,0,0,0,1,1,20210412,20210509
10626,0,0,0,0,0,1,1,20210320,20210626
10627,0,0,0,0,0,1,1,20210405,20210626
10628,0,0,0,0,0,1,1,20210405,20210626
10629,0,0,0,0,0,1,1,20210320,20210626
10630,1,0,0,0,0,0,1,20210405,20210621
10631,1,1,1,1,1,1,1,20210319,20210626
10632,1,1,1,1,1,1,1,20210503,20210626
10635,0,0,0,0,0,1,1,20210327,20210328
10641,0,0,0,0,0,1,1,20210426,20210626
10642,0,0,0,0,0,1,1,20210524,20210626
10643,0,0,0,0,0,1,1,20210327,20210404
10644,0,0,0,0,0,1,1,20210426,20210626
10645,0,0,0,0,0,1,1,20210327,20210404
10646,0,0,0,0,0,1,1,20210327,20210404
10647,0,0,0,0,0,1,1,20210327,20210404
10648,0,0,0,0,0,1,1,20210327,20210404
10651,0,0,0,0,0,1,1,20210524,20210613
10652,0,0,0,0,0,1,1,20210510,20210613
10653,0,0,0,0,0,1,1,20210426,20210626
10654,0,0,0,0,0,0,1,20210327,20210404
10657,0,0,0,0,0,1,1,20210327,20210418
10658,0,0,0,0,0,1,1,20210327,20210404
10659,0,0,0,0,0,1,1,20210327,20210404
10660,0,0,0,0,0,1,1,20210327,20210626
10661,0,0,0,0,0,1,1,20210327,20210626
10662,0,0,0,0,0,1,1,20210405,20210626
10663,0,0,0,0,0,1,1,20210327,20210626
10664,0,0,0,0,0,1,1,20210327,20210425
10665,0,0,0,0,0,1,1,20210503,20210620
10666,0,0,0,0,0,1,1,20210327,20210626
10667,0,0,0,0,0,1,1,20210327,20210626
10668,0,0,0,0,0,1,1,20210327,20210626
10669,0,0,0,0,0,1,1,20210327,20210606
10670,0,0,0,0,0,1,1,20210327,20210606
10672,0,0,0,0,0,1,1,20210327,20210626
10673,0,0,0,0,0,1,1,20210327,20210626
10674,0,0,0,0,0,1,1,20210419,20210523
10675,1,1,1,1,1,1,1,20210327,20210626
10676,1,1,1,1,1,1,1,20210327,20210626
10677,1,1,1,1,1,1,1,20210531,20210626
10678,1,1,1,1,1,1,1,20210531,20210626
10679,0,0,0,0,0,1,1,20210327,20210626
10680,1,1,1,1,1,1,1,20210327,20210626
10681,1,1,1,1,1,1,1,20210327,20210626
10682,1,1,1,1,1,1,1,20210327,20210626
10683,1,1,1,1,1,1,1,20210327,20210626
10684,1,1,1,1,1,1,1,20210327,20210626
10685,0,0,0,0,0,1,1,20210524,20210626
10686,0,0,0,0,0,1,0,20210329,20210509
10688,0,0,0,0,0,1,1,20210426,20210626
10689,0,0,0,0,0,1,1,20210510,20210620
10690,0,0,0,0,0,0,1,20210321,20210620
10691,0,0,0,0,0,1,1,20210426,20210523
10692,0,0,0,0,0,1,1,20210510,20210620
10693,0,0,0,0,0,1,1,20210510,20210620
10694,0,0,0,0,0,1,1,20210510,20210620
10695,0,0,0,0,0,1,1,20210531,20210620
10696,0,0,0,0,0,1,1,20210321,20210626
10697,0,0,0,0,0,1,1,20210320,20210328
10702,0,0,0,0,0,1,1,20210426,20210626
10703,0,0,0,0,0,1,1,20210426,20210626
10705,0,0,0,0,0,1,1,20210426,20210626
10706,0,0,0,0,0,1,1,20210426,20210626
10707,0,0,0,0,0,1,1,20210320,20210404
10708,0,0,0,0,0,1,1,20210320,20210404
10709,0,0,0,0,0,1,0,20210503,20210606
10710,0,0,0,0,0,1,1,20210607,20210626
10711,0,0,0,0,0,1,1,20210517,20210626
10712,0,0,0,0,0,1,1,20210426,20210626
10713,0,0,0,0,0,1,1,20210426,20210626
10714,0,0,0,0,0,1,1,20210517,20210626
10715,0,0,0,0,0,1,1,20210426,20210523
10716,0,0,0,0,0,1,1,20210320,20210411
10718,0,0,0,0,0,1,1,20210426,20210626
10721,0,0,0,0,0,1,1,20210320,20210516
10722,1,1,1,1,1,1,1,20210503,20210626
10723,0,0,0,0,0,1,1,20210320,20210620
10724,0,0,0,0,0,1,1,20210320,20210626
10725,0,0,0,0,0,1,1,20210412,20210425
10726,0,0,0,0,0,1,1,20210503,20210626
10727,0,0,0,0,0,1,1,20210503,20210626
10728,0,0,0,0,0,1,1,20210320,20210626
10729,0,0,0,0,0,1,1,20210503,20210626
10730,0,0,0,0,0,1,1,20210320,20210626
10731,0,0,0,0,0,1,1,20210320,20210626
10732,0,0,0,0,0,1,1,20210503,20210626
10733,0,0,0,0,0,1,1,20210320,20210626
10734,0,0,0,0,0,1,1,20210405,20210626
10736,0,0,0,0,0,1,1,20210320,20210626
10737,0,0,0,0,0,1,1,20210320,20210626
10738,0,0,0,0,0,1,1,20210320,20210626
10739,0,0,0,0,0,1,1,20210320,20210620
10740,0,0,0,0,0,1,1,20210320,20210626
10741,0,0,0,0,0,1,1,20210405,20210626
10743,0,0,0,0,0,1,1,20210510,20210626
10744,0,0,0,0,0,1,1,20210320,20210626
10745,0,0,0,0,0,1,1,20210320,20210425
10747,0,0,0,0,0,1,1,20210320,20210509
10748,0,0,0,0,0,1,1,20210510,20210626
10750,0,0,0,0,0,1,1,20210320,20210620
10751,0,0,0,0,0,1,1,20210320,20210626
10752,0,0,0,0,0,1,1,20210320,20210626
10753,0,0,0,0,0,1,1,20210320,20210620
10754,0,0,0,0,0,1,1,20210320,20210626
10755,0,0,0,0,0,1,1,20210320,20210626
10759,0,0,0,0,0,1,1,20210405,20210626
10760,0,0,0,0,0,1,1,20210320,20210502
10761,0,0,0,0,0,1,1,20210320,20210626
10762,0,0,0,0,0,1,1,20210320,20210626
10763,0,0,0,0,0,1,1,20210320,20210626
10764,0,0,0,0,0,1,1,20210405,20210516
10765,0,0,0,0,0,1,1,20210510,20210626
10766,0,0,0,0,0,1,1,20210320,20210626
10767,0,0,0,0,0,1,1,20210320,20210502
10768,0,0,0,0,0,1,1,20210320,20210502
10769,0,0,0,0,0,1,1,20210320,20210502
10770,0,0,0,0,0,1,1,20210320,20210516
10774,0,0,0,0,0,1,1,20210320,20210626
10775,0,0,0,0,0,1,1,20210320,20210626
10776,0,0,0,0,0,1,1,20210320,20210626
10777,0,0,0,0,0,1,1,20210320,20210606
10778,0,0,0,0,0,1,1,20210320,20210620
10779,0,0,0,0,0,1,1,20210320,20210606
10782,0,0,0,0,0,1,1,20210320,20210626
10783,0,0,0,0,0,1,1,20210510,20210626
10784,0,0,0,0,0,1,1,20210320,20210626
10785,0,0,0,0,0,1,1,20210320,20210516
10786,0,0,0,0,0,1,1,20210320,20210516
10787,0,0,0,0,0,1,1,20210320,20210516
10788,0,0,0,0,0,1,1,20210412,20210523
10789,0,0,0,0,0,1,1,20210412,20210523
10790,1,1,1,1,1,1,1,20210320,20210626
10791,1,1,1,1,1,1,1,20210320,20210626
10792,1,1,1,1,1,0,0,20210503,20210613
10794,1,1,1,1,1,1,1,20210322,20210328
10797,1,1,1,1,1,1,1,20210318,20210626
10798,1,1,1,1,1,1,1,20210320,20210328
10801,1,0,0,0,0,0,0,20210329,20210404
10802,1,0,0,0,0,0,1,20210531,20210622
10803,1,0,0,0,0,0,0,20210329,20210404
10804,1,0,0,0,0,0,0,20210426,20210621
10806,1,0,0,0,0,0,1,20210419,20210622
10810,1,0,0,0,0,0,1,20210607,20210621
10812,1,0,0,0,0,0,0,20210322,20210404
10813,1,0,0,0,0,0,0,20210322,20210412
10817,1,0,0,0,0,0,0,20210322,20210607
10818,1,0,0,0,0,0,0,20210322,20210614
10819,1,0,0,0,0,0,0,20210322,20210614
10820,1,0,0,0,0,0,0,20210322,20210621
10821,1,0,0,0,0,0,0,20210322,20210613
10822,1,0,0,0,0,0,1,20210322,20210622
10823,1,1,1,1,1,0,0,20210322,20210625
10824,1,1,1,1,1,0,0,20210517,20210606
10825,1,0,0,0,0,0,0,20210318,20210622
10829,1,1,1,1,1,0,0,20210318,20210625
10830,1,1,1,1,1,0,0,20210318,20210625
10831,1,0,0,0,0,0,0,20210412,20210621
10834,0,0,0,0,0,0,1,20210405,20210411
10835,1,0,0,0,0,0,1,20210328,20210621
10836,1,0,0,0,0,0,1,20210328,20210621
10837,1,0,0,0,0,0,1,20210328,20210626
10838,1,0,0,0,0,0,1,20210328,20210621
10840,1,0,0,0,0,0,1,20210321,20210329
10841,1,0,0,0,0,0,1,20210426,20210621
10842,1,0,0,0,0,0,1,20210426,20210621
10843,1,0,0,0,0,0,1,20210321,20210621
10844,1,0,0,0,0,0,1,20210321,20210621
10845,1,0,0,0,0,0,1,20210321,20210621
10846,1,0,0,0,0,0,1,20210321,20210621
10847,1,0,0,0,0,0,1,20210321,20210621
10848,1,0,0,0,0,0,1,20210426,20210621
10849,1,1,1,1,1,1,1,20210321,20210626
10850,1,1,1,1,1,1,1,20210319,20210626
10853,1,1,0,0,0,0,0,20210329,20210330
10857,0,0,1,1,1,0,0,20210331,20210402
10863,1,1,1,1,1,1,1,20210318,20210626
10866,0,1,1,0,0,0,0,20210330,20210331
10867,0,1,1,1,0,0,0,20210330,20210401
10868,0,1,1,1,1,0,0,20210330,20210402
10870,0,1,1,1,1,1,0,20210330,20210403
10872,0,1,1,1,1,0,0,20210330,20210409
10873,0,1,1,1,1,1,0,20210330,20210410
10875,1,0,0,0,0,0,1,20210330,20210621
10879,0,1,1,1,1,1,0,20210426,20210529
10880,0,1,1,1,1,1,0,20210412,20210501
10881,0,1,1,1,1,1,0,20210330,20210625
10882,0,1,1,1,1,0,0,20210329,20210425
10883,0,1,1,1,0,0,0,20210323,20210415
10886,0,1,1,1,1,0,0,20210323,20210509
10888,0,1,1,1,1,0,0,20210319,20210625
10889,0,1,1,1,1,0,0,20210318,20210402
10891,0,1,1,1,1,0,0,20210318,20210416
10892,0,1,1,1,1,0,0,20210318,20210416
10894,0,1,1,1,1,0,0,20210318,20210528
10896,0,1,1,1,1,0,0,20210318,20210509
10898,0,1,1,1,1,0,0,20210318,20210625
10899,0,1,1,1,1,1,0,20210318,20210626
10901,0,1,1,1,1,1,0,20210320,20210417
10905,0,1,1,1,1,1,0,20210323,20210530
10906,0,1,1,1,1,1,0,20210323,20210530
10907,0,1,1,1,1,1,0,20210318,20210403
10908,0,1,1,1,1,1,0,20210318,20210410
10909,0,1,1,1,1,1,0,20210318,20210410
10910,0,1,1,1,1,1,0,20210318,20210417
10912,0,1,1,1,1,1,0,20210318,20210625
10913,0,1,1,1,1,1,0,20210318,20210530
10914,1,1,1,1,1,1,1,20210318,20210625
10915,1,1,1,1,1,1,1,20210318,20210625
10916,1,1,1,1,1,0,0,20210329,20210402
10918,1,1,1,1,0,0,0,20210329,20210408
10919,1,1,1,1,1,0,0,20210329,20210409
10920,1,1,1,1,1,0,0,20210531,20210625
10921,1,1,1,1,1,0,0,20210329,20210409
10924,1,1,1,1,1,0,0,20210329,20210413
10925,1,1,1,1,1,0,0,20210329,20210404
10926,1,1,1,1,1,0,0,20210329,20210416
10928,1,1,1,1,1,0,0,20210329,20210423
10929,1,0,0,0,0,0,0,20210419,20210523
10933,1,1,1,1,1,0,0,20210426,20210521
10934,1,1,1,1,1,0,0,20210426,20210509
10935,1,1,1,1,1,0,0,20210329,20210411
10936,1,1,1,1,1,0,0,20210426,20210528
10937,1,1,1,1,1,0,0,20210517,20210611
10938,1,1,1,1,1,0,0,20210419,20210625
10939,1,1,1,1,1,0,0,20210329,20210411
10940,1,1,1,1,1,0,0,20210412,20210430
10941,1,1,1,1,1,0,0,20210412,20210502
10942,1,1,1,1,1,0,0,20210329,20210521
10943,1,1,1,1,1,0,0,20210329,20210528
10944,1,1,1,1,1,0,0,20210329,20210625
10945,1,1,1,1,1,0,0,20210329,20210625
10946,1,1,1,1,1,0,0,20210329,20210625
10947,1,1,1,1,1,0,0,20210329,20210625
10948,1,1,1,1,1,1,1,20210329,20210626
10949,1,1,1,1,1,1,1,20210329,20210502
10950,1,1,1,1,1,1,1,20210329,20210626
10951,1,1,1,1,1,0,0,20210329,20210416
10952,1,1,1,1,1,0,0,20210426,20210625
10953,1,1,1,1,1,0,0,20210329,20210521
10954,1,1,1,1,1,0,0,20210412,20210523
10955,1,1,1,1,1,0,0,20210329,20210625
10956,1,1,1,1,0,0,0,20210329,20210425
10957,1,1,1,1,1,0,0,20210322,20210625
10958,1,1,1,1,1,0,0,20210322,20210625
10959,1,1,1,1,1,0,0,20210322,20210625
10960,1,1,1,1,1,0,0,20210318,20210625
10965,1,1,1,1,0,0,0,20210322,20210415
10967,1,1,1,1,0,0,0,20210318,20210401
10969,1,1,1,1,0,0,0,20210318,20210415
10973,1,1,1,1,0,0,0,20210318,20210624
10975,1,1,1,1,1,0,0,20210419,20210625
10976,1,1,1,1,1,0,0,20210318,20210625
10977,1,1,1,1,0,1,1,20210318,20210626
10978,1,1,1,1,1,0,0,20210326,20210625
10979,1,1,1,1,1,0,0,20210319,20210625
10982,1,1,1,1,1,0,0,20210325,20210416
10983,1,1,1,1,1,0,0,20210531,20210625
10984,1,1,1,1,1,0,0,20210318,20210625
10990,1,1,1,1,1,0,0,20210319,20210625
10991,1,1,1,1,1,0,0,20210531,20210625
10993,0,0,0,0,0,1,1,20210531,20210626
10997,1,1,1,1,1,0,0,20210322,20210416
11002,1,1,1,1,1,0,0,20210426,20210625
11003,1,1,1,1,0,0,0,20210322,20210430
11005,1,1,1,1,1,0,0,20210322,20210411
11006,1,1,1,1,1,0,0,20210322,20210411
11008,1,1,1,1,1,0,0,20210322,20210411
11011,1,1,1,1,1,0,0,20210322,20210530
11013,1,1,1,1,1,0,0,20210322,20210502
11014,1,1,1,1,1,0,0,20210322,20210502
11015,1,1,1,1,1,0,0,20210322,20210502
11016,1,1,1,1,1,0,0,20210322,20210530
11017,1,1,1,1,1,0,0,20210322,20210530
11018,1,1,1,1,1,0,0,20210322,20210528
11019,1,1,1,1,1,0,0,20210322,20210625
11020,1,1,1,1,1,0,0,20210322,20210625
11021,1,1,1,1,1,1,1,20210524,20210626
11022,1,1,1,1,1,1,1,20210322,20210626
11023,1,1,1,1,1,0,0,20210319,20210509
11025,0,1,1,1,1,0,0,20210405,20210418
11027,1,1,1,1,1,0,0,20210319,20210625
11029,1,1,1,1,1,0,0,20210318,20210402
11030,1,1,1,1,1,0,0,20210510,20210625
11032,1,1,1,1,1,0,0,20210614,20210625
11033,1,1,1,1,1,0,0,20210318,20210409
11035,1,1,1,1,1,0,0,20210318,20210411
11037,1,1,1,1,1,0,0,20210318,20210409
11039,1,1,1,1,1,0,0,20210318,20210416
11041,1,1,1,1,1,0,0,20210318,20210418
11042,1,1,1,1,1,0,0,20210503,20210625
11043,1,1,1,1,1,0,0,20210503,20210625
11044,1,1,1,1,1,0,0,20210318,20210423
11047,1,1,1,1,1,0,0,20210318,20210423
11048,1,1,1,1,1,0,0,20210318,20210411
11050,1,1,1,1,1,0,0,20210318,20210426
11053,1,1,1,1,1,0,0,20210503,20210530
11054,1,1,1,1,1,0,0,20210318,20210625
11055,1,1,1,1,1,0,0,20210426,20210625
11056,1,1,1,1,1,0,0,20210426,20210625
11057,1,1,1,1,1,0,0,20210318,20210625
11058,1,1,1,1,1,0,0,20210318,20210625
11059,1,1,1,1,1,0,0,20210426,20210530
11060,1,1,1,1,1,0,0,20210517,20210611
11062,1,1,1,1,1,0,0,20210419,20210625
11063,1,1,1,1,1,0,0,20210419,20210509
11064,1,1,1,1,1,0,0,20210419,20210530
11066,1,1,1,1,1,0,0,20210412,20210502
11067,1,1,1,1,1,0,0,20210318,20210430
11068,1,1,1,1,1,0,0,20210318,20210502
11069,1,1,1,1,1,0,0,20210318,20210521
11071,1,1,1,1,1,0,0,20210318,20210528
11074,1,1,1,1,1,0,0,20210318,20210528
11075,1,1,1,1,1,0,0,20210318,20210530
11076,1,1,1,1,1,0,0,20210318,20210502
11079,1,1,1,1,1,0,0,20210318,20210625
11080,1,1,1,1,1,0,0,20210318,20210625
11083,1,1,1,1,1,0,0,20210318,20210625
11084,1,1,1,1,1,0,0,20210318,20210625
11085,1,1,1,1,1,0,0,20210318,20210625
11086,1,1,1,1,1,0,0,20210318,20210611
11087,1,1,1,1,1,0,0,20210318,20210618
11088,1,1,1,1,1,0,0,20210318,20210624
11089,1,1,1,1,1,0,0,20210318,20210625
11090,1,1,1,1,1,0,0,20210318,20210625
11091,1,1,1,1,1,0,0,20210318,20210626
11092,1,1,1,1,1,0,1,20210531,20210625
11094,1,1,1,1,1,0,0,20210318,20210625
11095,1,1,1,1,1,0,0,20210318,20210625
11096,1,1,1,1,1,1,0,20210318,20210626
11097,1,1,1,1,1,0,1,20210426,20210625
11098,1,1,1,1,1,1,1,20210318,20210626
11099,1,1,1,1,1,0,0,20210318,20210625
11100,1,1,1,1,1,1,1,20210318,20210626
11106,1,1,1,1,1,1,1,20210318,20210626
11108,1,1,1,1,1,0,0,20210426,20210523
11109,1,1,1,1,1,0,0,20210318,20210624
11110,1,1,1,1,1,0,0,20210318,20210626
11111,1,1,1,1,1,0,0,20210318,20210626
11112,1,1,1,1,1,0,0,20210318,20210625
11113,1,1,1,1,1,0,0,20210426,20210530
11114,1,1,1,1,1,0,0,20210426,20210523
11115,1,1,1,1,1,0,0,20210426,20210523
11116,1,1,1,1,1,0,0,20210510,20210613
11117,1,1,1,1,1,0,0,20210426,20210613
11118,1,1,1,1,1,0,0,20210426,20210613
11119,1,1,1,1,1,0,0,20210510,20210613
11120,1,1,1,1,1,0,0,20210503,20210613
11121,1,1,1,1,1,0,0,20210426,20210613
11122,1,1,1,1,1,0,0,20210510,20210613
11123,1,1,1,1,1,0,0,20210318,20210626
11124,1,1,1,1,1,0,0,20210318,20210626
11125,1,1,1,1,1,0,0,20210426,20210530
11126,1,1,1,1,1,0,0,20210426,20210530
11127,1,1,1,1,1,0,0,20210510,20210530
11128,1,1,1,1,1,0,0,20210510,20210530
11130,1,1,1,1,1,1,1,20210318,20210626
11131,1,1,1,1,1,0,0,20210426,20210530
11132,1,1,1,1,1,0,0,20210510,20210613
11133,1,1,1,1,1,1,1,20210412,20210425
11134,1,1,1,1,1,0,0,20210510,20210523
11135,1,1,1,1,1,0,0,20210510,20210613
11136,1,1,1,1,1,0,0,20210318,20210625
11137,1,1,1,1,1,0,0,20210510,20210613
11138,1,1,1,1,1,0,0,20210318,20210624
11139,1,1,1,1,1,0,0,20210318,20210625
11140,1,1,1,1,1,0,0,20210510,20210613
11141,1,1,1,1,1,0,0,20210510,20210613
11142,1,1,1,1,1,0,0,20210503,20210625
11143,1,1,1,1,1,1,0,20210412,20210425
11144,1,1,1,1,1,1,0,20210327,20210626
11145,1,1,1,1,1,1,1,20210320,20210626
11147,1,1,1,1,1,1,1,20210318,20210626
11149,1,1,1,1,1,1,0,20210318,20210626
11151,1,1,1,1,1,1,0,20210318,20210404
11152,1,1,1,1,1,1,0,20210318,20210626
11158,1,1,1,1,1,1,0,20210318,20210626
11159,1,1,1,1,1,0,0,20210412,20210509
11161,1,1,1,1,1,1,0,20210318,20210418
11162,1,1,1,1,1,1,0,20210318,20210418
11164,1,1,1,1,1,1,0,20210318,20210404
11165,1,1,1,1,1,1,0,20210318,20210404
11167,1,1,1,1,1,1,0,20210318,20210626
11169,1,1,1,1,1,1,0,20210318,20210425
11172,1,1,1,1,1,1,0,20210318,20210626
11173,1,1,1,1,1,1,0,20210318,20210626
11174,1,1,1,1,1,1,0,20210318,20210626
11175,1,1,1,1,1,1,0,20210318,20210626
11176,1,1,1,1,1,1,0,20210318,20210626
11179,1,1,1,1,1,1,1,20210426,20210523
11180,1,1,1,1,1,1,1,20210426,20210523
11183,1,1,1,1,1,1,1,20210524,20210626
11184,1,1,1,1,1,1,1,20210322,20210626
11186,1,1,1,1,1,0,1,20210426,20210625
11196,1,1,1,1,1,0,1,20210318,20210625
11197,1,1,1,1,1,0,1,20210318,20210625
11201,1,1,1,1,1,1,1,20210318,20210626
11202,1,1,1,1,1,1,1,20210426,20210523
11203,1,1,1,1,1,1,1,20210327,20210626
11204,0,0,0,0,0,1,1,20210426,20210516
11205,0,0,0,0,0,1,1,20210412,20210516
11206,1,1,1,1,1,1,1,20210320,20210626
11207,1,1,1,1,1,1,1,20210426,20210523
11208,1,1,1,1,1,1,1,20210320,20210626
11209,1,1,1,1,1,1,1,20210320,20210626
11210,1,1,1,1,1,1,1,20210318,20210626
11211,1,1,1,1,1,1,1,20210318,20210626
11212,1,1,1,1,1,1,1,20210318,20210626
11213,1,1,1,1,1,1,1,20210412,20210502
11214,1,1,1,1,1,1,1,20210318,20210626
11215,1,1,1,1,1,1,1,20210326,20210626
11216,0,0,0,0,0,1,1,20210426,20210516
11220,1,1,1,1,1,1,1,20210419,20210626
11221,1,1,1,1,1,1,1,20210419,20210626
11222,1,1,1,1,1,0,0,20210318,20210625
11223,1,1,1,1,1,1,1,20210318,20210626
11224,1,1,1,1,1,1,1,20210318,20210626
11225,1,1,1,1,1,1,1,20210426,20210530
11226,1,1,1,1,1,1,1,20210318,20210626
11227,1,1,1,1,1,1,1,20210318,20210626
11228,1,1,1,1,1,1,1,20210318,20210626
11229,1,1,1,1,1,1,1,20210318,20210626
11230,1,1,1,1,1,1,1,20210318,20210626
11231,1,1,1,1,1,1,1,20210318,20210626
11232,1,1,1,1,1,1,1,20210318,20210626
11233,1,1,1,1,1,1,1,20210318,20210626
11235,1,1,1,1,1,1,1,20210318,20210626
11236,1,1,1,1,1,1,1,20210318,20210626
11237,0,0,0,0,0,1,1,20210426,20210516
11238,1,0,0,0,0,0,1,20210426,20210523
11239,1,1,1,1,1,1,1,20210321,20210502
11240,1,1,1,1,1,1,1,20210318,20210626
11241,1,1,1,1,1,1,1,20210320,20210626
11242,1,1,1,1,1,1,1,20210320,20210502
11243,1,1,1,1,1,1,1,20210320,20210626
11244,1,1,1,1,1,1,1,20210320,20210626
11245,0,0,0,0,0,1,1,20210426,20210516
11249,1,1,1,1,1,1,1,20210318,20210626
11250,1,1,1,1,1,1,1,20210318,20210626
11251,1,1,1,1,1,1,1,20210318,20210626
11252,1,1,1,1,1,1,1,20210318,20210626
11253,1,1,1,1,1,1,1,20210318,20210626
11254,1,1,1,1,1,1,1,20210318,20210626
11255,1,1,1,1,1,1,1,20210531,20210626
11256,1,1,1,1,1,1,1,20210419,20210626
11257,1,1,1,1,1,0,0,20210318,20210626
11260,1,1,1,1,1,1,1,20210318,20210626
11262,1,1,1,1,1,1,1,20210318,20210626
11263,1,1,1,1,1,1,1,20210531,20210626
11264,1,1,1,1,1,1,1,20210318,20210626
11265,1,1,1,1,1,1,1,20210531,20210626
11266,1,1,1,1,1,1,1,20210318,20210626
11267,1,1,1,1,1,1,1,20210318,20210626
11268,1,1,1,1,1,1,1,20210318,20210626
11269,1,1,1,1,1,1,1,20210318,20210626
11273,1,1,1,1,1,1,1,20210318,20210626
11274,1,1,1,1,1,1,1,20210318,20210626
11275,1,1,1,1,1,1,1,20210318,20210626
11276,1,1,1,1,1,1,1,20210318,20210626
11277,1,1,1,1,1,1,1,20210318,20210626
11278,1,1,1,1,1,1,1,20210318,20210626
11279,1,1,1,1,1,1,1,20210318,20210626
11280,1,1,1,1,1,1,1,20210318,20210626
11281,1,1,1,1,1,1,1,20210318,20210626
11282,1,1,1,1,1,1,1,20210318,20210626
11283,1,1,1,1,1,1,1,20210318,20210626
11284,1,1,1,1,1,1,1,20210318,20210502
11285,1,1,1,1,1,1,1,20210318,20210626
11286,1,1,1,1,1,1,1,20210318,20210502
11287,1,1,1,1,1,1,1,20210318,20210626
11288,1,1,1,1,1,1,1,20210318,20210626
11289,1,1,1,1,1,1,1,20210318,20210626
11292,1,1,1,1,1,1,1,20210318,20210626
11293,1,1,1,1,1,1,1,20210318,20210502
11294,1,1,1,1,1,1,1,20210318,20210502
11295,1,1,1,1,1,1,1,20210318,20210626
11296,1,1,1,1,1,1,1,20210318,20210626
11297,1,1,1,1,1,1,1,20210318,20210626
11298,1,1,1,1,1,1,1,20210318,20210626
11299,1,1,1,1,1,1,1,20210318,20210626
11300,1,1,1,1,1,1,1,20210318,20210626
11301,1,1,1,1,1,1,1,20210318,20210626
11303,1,1,1,1,1,1,1,20210318,20210626
11304,1,1,1,1,1,1,1,20210318,20210625
11305,1,1,1,1,1,1,1,20210318,20210625
11306,1,1,1,1,1,1,1,20210318,20210626
11307,1,1,1,1,1,1,1,20210318,20210626
